500542666
500141916
500123000
500125875
500123792
500139625
500128166
500142500
500124792
500130084
500133750
500135334
500125167
500125208
500115792
500148375
500115000
500119500
500125500
500162084
500135167
500130417
500130625
500129083
500131708
500119042
500113000
500115334
500122667
500124541
500130042
500126250
500125000
500139042
500120417
500119291
500121792
500132750
500132875
500133458
500143833
500145041
500130126
500128708
500135875
500131708
500118125
500125125
500115084
500118209
500127000
500161375
500120875
500121166
500121876
500144042
500203333
500120000
500118959
500115167
500161083
500143000
500123458
500117791
500122458
500126125
500134750
500125125
500123833
500129583
500179292
500171334
500135292
500130459
500144375
500151208
500140084
500146042
500135625
500153792
500138917
500140334
500139084
500127333
500120292
500116250
500114250
500120167
500136500
500121542
500132709
500119250
500123458
500127209
500112542
500116167
500113833
500114000
500120959
500137166
500139166
500120917
500170666
500113917
500115500
500118875
500113084
500144375
500109708
500122792
500132667
500113667
500114000
500117208
500117667
500116625
500139875
500105292
500109792
500108542
500122542
500136417
500112375
500115166
500122250
500116291
500114375
500109875
500111750
500118834
500118041
500126667
500136292
500138333
500133458
500117084
500113750
500113875
500147167
500113083
500126333
500143834
500131541
500154792
500124209
500116958
500120125
500131292
500149666
500134208
500136208
500131792
500142750
500154791
500138667
500128917
500142208
500122417
500116958
500117583
500121000
500162292
500166250
500132042
500125667
500135250
500125041
500117459
500111833
500114541
500117166
500113042
500110958
500121625
500134750
500136208
500174042
500116125
500115375
500116917
500117167
500114958
500110125
500114041
500120375
500119958
500124542
500120209
500111875
500116875
500119167
500113875
500113791
500117792
500124125
500126833
500117625
500120375
500129833
500122000
500127458
500140666
500122000
500118792
500118542
500116750
500112958
500123583
500124417
500122959
500113501
500108000
500110667
500120334
500097500
500109125
500132792
500120041
500112583
500123625
500133084
500120709
500124584
500115375
500118791
500118542
500121166
500145708
500146708
500121875
500131458
500131833
500117208
500119084
500115375
500123334
500116333
500111375
500112417
500109250
500114834
500127500
500127250
500117958
500121250
500149291
500107375
500112833
500110458
500118126
500168625
500113083
500126208
500131833
500126417
500113167
500122833
500126458
500114875
500164208
500137208
500139625
500137708
500130042
500134250
500120792
500117001
500134250
500118959
500114333
500120875
500113542
500112625
500112917
500121917
500130541
500123584
500123542
500104917
500107833
500110375
500115708
500149375
500111167
500115625
500125959
500292458
500127458
500120959
500116250
500112917
500122125
500116959
500121000
500115542
500117375
500121500
500148958
500123292
500122167
500119834
500117500
500112500
500114333
500110125
500135625
500118208
500127334
500130334
500120334
500112250
500106625
500108250
500117833
500116583
500117833
500114542
500125250
500153167
500127750
500125333
500148583
500142584
500167541
500111125
500119959
500119292
500140917
500133875
500133417
500132292
500117542
500124292
500115834
500110791
500115875
500112666
500145625
500105959
500111876
500116541
500137958
500129667
500126000
500119208
500117625
500119792
500118000
500115667
500117167
500114292
500125542
500128375
500124458
500127625
500125417
500117958
500118250
500121958
500128084
500133125
500111042
500122708
500129500
500122459
500125416
500117000
500127584
500141292
500137666
500120791
500107167
500103792
500131958
500187708
500113667
500115416
500119208
500132792
500135084
500138292
500148125
500139625
500191626
500127709
500134166
500115875
500116834
500119208
500125167
500133958
500132834
500126750
500124625
500119459
500124042
500130166
500158125
500111125
500113334
500117667
500119167
500116083
500113833
500111625
500126750
500128625
500135792
500119542
500119125
500131709
500132875
500116541
500116000
500112291
500112375
500115625
500123250
500128625
500119709
500129500
500130583
500117667
500116459
500115750
500149917
500109375
500112834
500172875
500136500
500122500
500130834
500118291
500118375
500115251
500106500
500105792
500115417
500109292
500125584
500140833
500138375
500152667
500140334
500120834
500121001
500115541
500116083
500138834
500117458
500128417
500139875
500135458
500121542
500123917
500116292
500116875
500121459
500109667
500107833
500115583
500126292
500131417
500121083
500116208
500118375
500152708
500116875
500110875
500111000
500117291
500131375
500127292
500141126
500150417
500176125
500117500
500117250
500113083
500115875
500119625
500116041
500116167
500127583
500142209
500138333
500129708
500132709
500147083
500152333
500128167
500134209
500121667
500118833
500124875
500129459
500117292
500143958
500144458
500136541
500128958
500133917
500142458
500151209
500133042
500150125
500147167
500129459
500152209
500144542
500118834
500125750
500119417
500126083
500136417
500125750
500123292
500179167
500115750
500113458
500116833
500117666
500113291
500118084
500127042
500122416
500118666
500119042
500129292
500114167
500117000
500116916
500105916
500109625
500120917
500122125
500115958
500117292
500123875
500134666
500117667
500119417
500124958
500132583
500168250
500119042
500116083
500113000
500110458
500142416
500134042
500122667
500122500
500121250
500124709
500113041
500112458
500122000
500111709
500105167
500118208
500131375
500122875
500132209
500129500
500117459
500112917
500115042
500112000
500112542
500111875
500124750
500143458
500122292
500121291
500114166
500121250
500124875
500131125
500122417
500123000
500141208
500144542
500138375
500118333
500118376
500148084
500109917
500112000
500114917
500109625
500105750
500116584
500121958
500137583
500127417
500117709
500112875
500107375
500116333
500132875
500118459
500114792
500120709
500124583
500134458
500119834
500116042
500129333
500140375
500115916
500116041
500117042
500119792
500114958
500176041
500133416
500122709
500118334
500107708
500114875
500114708
500109625
500146500
500119959
500128417
500128250
500129000
500115708
500117333
500116917
500117208
500129750
500116667
500121959
500115917
500118250
500127042
500128625
500117416
500116917
500127959
500113666
500113792
500107334
500118250
500135167
500117959
500122542
500134250
500125958
500111541
500112542
500115958
500122666
500123292
500109125
500110125
500114833
500122750
500133875
500119959
500113125
500117750
500126333
500108791
500114708
500115042
500117542
500117834
500125000
500129666
500118125
500137750
500117208
500117709
500115500
500113875
500129500
500106000
500118167
500140833
500131041
500113000
500127083
500137584
500162709
500133709
500103375
500107209
500110958
500127667
500152167
500139625
500130000
500127792
500133126
500118958
500119292
500114458
500125125
500133125
500125584
500128750
500135666
500120542
500128583
500115208
500120709
500126625
500123750
500114792
500114458
500116792
500137417
500140667
500124000
500133166
500127458
500145376
500112250
500111625
500108834
500117500
500154667
500121167
500133833
500121792
500145458
500130458
500140584
500122292
500136959
500119292
500112792
500116375
500130542
500143500
500136875
500128375
500129125
500124792
500136667
500122708
500160583
500149000
500134625
500135542
500127083
500113458
500109042
500113375
500145875
500106834
500109625
500130541
500140250
500137916
500135501
500123084
500131875
500117167
500115583
500115417
500112375
500123250
500115125
500118625
500121541
500133208
500127166
500110584
500116875
500117542
500113708
500120334
500116041
500123000
500119750
500130625
500129292
500115792
500110667
500115458
500140333
500109750
500111250
500114375
500116417
500122709
500124959
500131376
500112542
500149667
500107334
500115792
500117042
500121834
500119000
500117917
500118583
500144375
500141875
500115292
500115000
500128958
500144583
500123625
500140376
500129250
500120250
500134000
500122375
500127917
500111750
500116459
500143833
500112459
500117292
500115333
500131917
500160333
500111375
500129083
500133542
500153792
500110750
500113250
500112334
500114208
500127792
500113291
500111834
500112083
500120542
500129125
500116501
500119959
500126750
500128584
500106541
500119416
500110375
500113792
500113167
500109583
500119541
500122917
500167333
500120917
500117167
500116042
500115792
500144500
500109333
500112959
500120125
500127959
500120251
500127292
500117084
500130875
500156333
500117083
500117417
500158250
500151041
500145583
500132125
500116875
500125625
500136250
500111333
500110500
500106667
500113792
500119208
500102208
500119709
500125959
500122875
500127459
500114459
500117208
500114375
500113083
500112459
500112792
500111417
500120541
500135291
500116542
500115250
500112917
500113084
500112667
500115250
500110500
500113167
500130750
500122666
500135917
500121042
500114459
500115125
500105208
500106875
500142917
500136542
500121334
500117958
500127041
500131708
500154583
500109875
500114666
500106958
500124833
500118667
500133750
500136209
500127416
500136125
500129709
500119958
500117875
500143917
500145833
500122459
500166666
500117042
500128834
500129083
500130542
500132167
500120333
500124917
500105000
500108833
500116375
500128834
500123791
500118250
500124917
500124625
500137041
500118459
500117625
500113917
500113166
500116917
500112125
500115834
500120792
500111625
500121209
500128750
500121416
500119458
500131959
500116792
500123208
500114792
500117959
500111167
500109750
500121958
500146375
500189291
500136167
500133458
500131791
500137958
500139333
500136375
500157500
500137334
500132208
500127542
500121833
500122375
500132084
500140750
500138500
500125125
500117250
500143500
500141959
500126542
500130083
500117000
500150333
500106375
500119084
500128959
500128500
500122750
500108375
500106167
500128292
